fitnesse_src20050407.zip	3412975	1211407508000	478
fitnesse_src20050408.zip	3414977	1211407487000	477
fitnesse_src20050409.zip	3416236	1211407528000	509
fitnesse_src20050410.zip	3416236	1211407548000	475
fitnesse_src20050411.zip	3416236	1211407567000	458
fitnesse_src20050412.zip	3417298	1211407589000	502
fitnesse_src20050413.zip	3421265	1211407612000	2792
fitnesse_src20051111.zip	3422822	1211408042000	452
fitnesse_src20051112.zip	3422822	1211407633000	462
fitnesse_src20051113.zip	3422822	1211407656000	454
fitnesse_src20051114.zip	3422827	1211407676000	529
fitnesse_src20051126.zip	3420806	1211407718000	527
fitnesse_src20051221.zip	3420340	1211407697000	444
fitnesse_src20051222.zip	3426121	1211407738000	459
fitnesse_src20051228.zip	3426197	1211407758000	455
fitnesse_src20060103.zip	3435064	1211407778000	498
fitnesse_src20060105.zip	3437144	1211407799000	636
fitnesse_src20060209.zip	3442727	1211407819000	535
fitnesse_src20060216.zip	3443099	1211407843000	517
fitnesse_src20060312.zip	3443709	1211407865000	722
fitnesse_src20060523.zip	3588324	1211407885000	422
fitnesse_src20060531.zip	3196141	1211407904000	386
fitnesse_src20060607.zip	3196507	1211407922000	432
fitnesse_src20060704.zip	3196393	1211407941000	310
fitnesse_src20060710.zip	3196479	1211407961000	306
fitnesse_src20060712.zip	3196549	1211407984000	307
fitnesse_src20060718.zip	3197398	1211408004000	358
fitnesse_src20060720.zip	3197456	1211408022000	1229
